3 0.050907257812499995 0.601814515625 0.04813508125 0.610215053125 0.041834678125000004 0.613911290625 0.0413306453125 0.6179435484375 0.045362903125 0.6239919359375 0.050907257812499995 0.6428091390625 0.050907257812499995 0.653561828125 0.053931451562499996 0.653561828125 0.0614919359375 0.6434811828125 0.0599798390625 0.6381048390624999 0.06905241875 0.6172715046875 0.0798891125 0.605510753125 0.0667842734375 0.6021505375 0.058719757812499995 0.6034946234375 0.0541834671875 0.599462365625 0.050907257812499995 0.601814515625
3 0.0065524187499999996 0.778561828125 0.013104839062500002 0.749663978125 0.0120967734375 0.7321908609375 0.009324596875 0.7264784953125 0.0042842734375 0.7231182796875 0 0.72412634375 0.0005040328125 0.7852822578125 0.0065524187499999996 0.778561828125
3 0.3634072578125 0.6475134406249999 0.366935484375 0.642137096875 0.367439515625 0.6334005375 0.36466733906250004 0.6270161296875 0.36063508125 0.6256720437500001 0.3573588703125 0.6300403218749999 0.35584677343750004 0.6407930109375 0.3586189515625 0.64717741875 0.3634072578125 0.6475134406249999
3 0.45917338750000003 0.1522177421875 0.461189515625 0.142137096875 0.455897178125 0.1290322578125 0.439012096875 0.136088709375 0.440272178125 0.141801075 0.45136088750000003 0.1485215046875 0.4556451609375 0.1549059140625 0.45917338750000003 0.1522177421875
3 0.42011088750000003 0.170698925 0.4238911296875 0.170362903125 0.42893145156249995 0.1522177421875 0.42540322656249996 0.12802419375000001 0.4120463703125 0.1122311828125 0.40751008125 0.1129032265625 0.4037298390625 0.1327284953125 0.411290321875 0.15625 0.416834678125 0.16162634375 0.42011088750000003 0.170698925
3 0.6491935484375 0.15154569843750001 0.6502016125 0.1454973125 0.64364919375 0.1152553765625 0.64188508125 0.1149193546875 0.639112903125 0.1206317203125 0.6350806453125 0.14415322656250001 0.6441532265625 0.1582661296875 0.6491935484375 0.15154569843750001
3 0.143294065625 0.6896026890625 0.15057071718749998 0.694080628125 0.153929171875 0.6799004859375 0.151130459375 0.6679593140625 0.142734321875 0.6582571125000001 0.1382563828125 0.6672129906250001 0.1393758671875 0.6776615171875 0.143294065625 0.6896026890625
3 0.06759044374999999 0.0525050390625 0.07170464374999999 0.049762239062500005 0.0725862578125 0.058382470312500004 0.07288012968749999 0.07601475937499999 0.074055615625 0.08385133125000001 0.07905143125 0.08424316093749999 0.0855166046875 0.07562293125 0.0890430625 0.0677863578125 0.0928633921875 0.058774298437500004 0.0987408203125 0.051329553125 0.1043243796875 0.045452124999999996 0.10843858125000001 0.03487275 0.11049568125 0.0309544640625 0.1163731109375 0.0360482359375 0.12342602656249999 0.0387910375 0.13018507031249998 0.0376155515625 0.1360625 0.030562634374999998 0.1384134734375 0.025077034375 0.14105831562499999 0.018807775 0.1454663890625 0.009012059375000001 0.1469357453125 0.00470194375 0.1469357453125 0 0.0734678734375 0.0011754859375 0.07199851562500001 0.010971201562500001 0.0711169015625 0.027819834375 0.07288012968749999 0.0399665234375 0.0681781859375 0.0399665234375 0.06230075625 0.042317495312499995 0.06230075625 0.04897858125 0.064651728125 0.0521132109375 0.06759044374999999 0.0525050390625
3 0.1903307453125 0.073940490625 0.19330156874999999 0.0670745875 0.19429184375 0.061264978125 0.1952821171875 0.057567953125 0.19864905156249998 0.056775734375 0.20300625781249998 0.0646979296875 0.20261014843749997 0.06813088125 0.20696735624999998 0.07103568593750001 0.21053234375000002 0.072091978125 0.21548371562500002 0.070243465625 0.21805842968750003 0.063905709375 0.2188506484375 0.06020868593749999 0.221029253125 0.0551912953125 0.222811746875 0.051758343750000005 0.2279611734375 0.0454205875 0.22776311875 0.0411954171875 0.22479229531249997 0.038290610937500004 0.223802021875 0.0338013671875 0.223802021875 0.028255831250000002 0.2236039671875 0.021918073437499998 0.22320785625 0.015844390625 0.222811746875 0.0097707078125 0.2224156375 0.003961096875 0.2216234171875 0.0005281468749999999 0.1808241109375 0.0010562937499999999 0.1776552328125 0.007129976562499999 0.1776552328125 0.0161084640625 0.1776552328125 0.025879171875000002 0.17844745312500002 0.0343295140625 0.1808241109375 0.043043928125000006 0.184785209375 0.0580961 0.1875579765625 0.0678668078125 0.1903307453125 0.073940490625
3 0.249783934375 0.0261909375 0.2451762703125 0.025544246875 0.240326096875 0.0252209015625 0.23632470312499998 0.02570591875 0.2348696515625 0.0261909375 0.2336571078125 0.0286160234375 0.2336571078125 0.033466196875 0.23474839687500001 0.03524459375 0.23850728124999998 0.035891284375 0.2457825421875 0.0357296109375 0.2495414265625 0.0354062671875 0.253785328125 0.0339512140625 0.2557253984375 0.0321728171875 0.2557253984375 0.0292627140625 0.25317905625 0.026999298437500003 0.249783934375 0.0261909375
3 0.39304855625 0.0004572984375 0.3676684578125 0 0.366982509375 0.0073167843750000005 0.3710982015625 0.0100605796875 0.37932958437500003 0.010975178125 0.38173040468749997 0.015090870312499999 0.388589890625 0.015090870312499999 0.3927055828125 0.00914598125 0.39373450625 0.0032010937500000004 0.39304855625 0.0004572984375
3 0.20255226718750002 0.65998693125 0.205276075 0.653383759375 0.20552369375 0.6471107484374999 0.2023046484375 0.6418282109375 0.19487608125 0.6405075765625 0.1916570359375 0.6510726499999999 0.19487608125 0.65998693125 0.20255226718750002 0.65998693125
3 0.219142734375 0.642488528125 0.219142734375 0.646120271875 0.2218665421875 0.6477710640625001 0.22706653906250002 0.64843138125 0.2320189171875 0.6474409062500001 0.237961771875 0.6474409062500001 0.2411808171875 0.6434790046875001 0.2352379625 0.6372059906249999 0.22904749062500002 0.6372059906249999 0.2240951125 0.6391869421874999 0.219142734375 0.642488528125
3 0.207595484375 0.7146402640625 0.206362940625 0.7198052078125 0.20477824218750001 0.7256744609375 0.203369621875 0.7310741734375 0.20231315625000001 0.738117278125 0.206362940625 0.7465690015625001 0.21868837343749997 0.7470385421875 0.2299573390625 0.743516990625 0.2392894515625 0.7374129671875 0.243691390625 0.729665553125 0.2468607875 0.72050951875 0.24386746874999998 0.7064233109375 0.2391133734375 0.7052494593749999 0.234711434375 0.7080667015625 0.23101380468750002 0.71628365625 0.2267879421875 0.7230919890624999 0.2197448375 0.7245006109375 0.218160140625 0.7209790578125 0.218160140625 0.716987965625 0.2174558296875 0.7129968734375 0.21252565625000003 0.7094753218750001 0.21041272656249999 0.7099448625 0.207595484375 0.7146402640625