0 0.9140625 0.26171875 0.89921875 0.2484375 0.86796875 0.2484375 0.81796875 0.225 0.79765625 0.234375 0.78203125 0.234375 0.759375 0.25703125 0.74375 0.31796875 0.75625 0.33515625 0.74375 0.45234375 0.746875 0.48984375 0.765625 0.54921875 0.79453125 0.5640625 0.809375 0.59296875 0.78828125 0.6203125 0.75390625 0.6390625 0.73671875 0.6421875 0.71015625 0.6265625 0.690625 0.63203125 0.71484375 0.646875 0.72734375 0.6625 0.7875 0.66796875 0.74453125 0.746875 0.790625 0.69296875 0.81171875 0.678125 0.8296875 0.70703125 0.8328125 0.74765625 0.8640625 0.74921875 0.875 0.73671875 0.8890625 0.66015625 0.91875 0.61640625 0.928125 0.54921875 0.9390625 0.52421875 0.940625 0.38359375 0.9296875 0.35390625 0.9140625 0.26171875
3 0.04296875 0.3546875 0.0359375 0.36171875 0.0359375 0.37265625 0.03984375 0.3796875 0.05 0.38046875 0.05625 0.36171875 0.04296875 0.3546875
3 0.06484375 0.453125 0.05703125 0.453125 0.0484375 0.46328125 0.0515625 0.48046875 0.0609375 0.48359375 0.071875 0.46796875 0.06484375 0.453125
3 0.1609375 0.48046875 0.15546875 0.4734375 0.14453125 0.4734375 0.1390625 0.48828125 0.1515625 0.49609375 0.159375 0.49140625 0.1609375 0.48046875
3 0.08125 0.53359375 0.06484375 0.5265625 0.0578125 0.54609375 0.06484375 0.5546875 0.0765625 0.55546875 0.0828125 0.54609375 0.08125 0.53359375
3 0.103125 0.60859375 0.09375 0.58359375 0.08203125 0.578125 0.06875 0.59140625 0.065625 0.61328125 0.07578125 0.634375 0.0890625 0.63515625 0.103125 0.60859375
3 0.13828125 0.6015625 0.12890625 0.6015625 0.125 0.62265625 0.13203125 0.6328125 0.140625 0.63203125 0.1484375 0.61171875 0.13828125 0.6015625
3 0.1296875 0.56171875 0.13125 0.56953125 0.140625 0.57421875 0.146875 0.55546875 0.13671875 0.5484375 0.1296875 0.56171875
3 0.07109375 0.78125 0.090625 0.78359375 0.0984375 0.77578125 0.1046875 0.75078125 0.0921875 0.74296875 0.09140625 0.73125 0.07578125 0.73125 0.065625 0.74765625 0.0640625 0.77421875 0.07109375 0.78125
3 0.4015625 0.76328125 0.415625 0.75390625 0.41875 0.73984375 0.40546875 0.7234375 0.39296875 0.71875 0.3796875 0.73046875 0.378125 0.74921875 0.38828125 0.7609375 0.4015625 0.76328125
3 0.5296875 0.66015625 0.51171875 0.65 0.5 0.66484375 0.5 0.68515625 0.5203125 0.69453125 0.53125 0.67421875 0.5296875 0.66015625
3 0.48671875 0.5890625 0.4828125 0.59765625 0.4921875 0.61640625 0.5078125 0.60703125 0.50078125 0.5875 0.48671875 0.5890625
3 0.5171875 0.47421875 0.509375 0.44921875 0.49453125 0.4390625 0.4890625 0.45390625 0.5 0.50390625 0.4953125 0.52265625 0.5078125 0.53046875 0.5171875 0.47421875